1 1.0
2 0.6
3 0.36088865405712345
4 0.21760352908194894
5 0.1315313774136628
6 0.07970095578949044
7 0.04841371606045644
8 0.029481123884934287
9 0.017996596541814024
10 0.01101304599466319
11 0.006756087308221084
12 0.004154834998938782
13 0.0025614332164493065
14 0.001583007675730514
15 0.0009807396464238086
16 0.000609109216792954
17 0.0003792340621350449
18 0.00023669562606714142
19 0.00014809617950706767
20 0.00009288983793550996
21 0.00005840678256908999
22 0.000036815363152661695
23 0.00002326299472677608
24 0.000014735771667548009
25 0.000009357306873998936
26 0.000005956615800946145
27 0.0000038011852355329023
28 0.000002431695583456286
29 0.0000015594451572851933
30 0.0000010025400564681695
31 0.0000006461064691563514
32 0.0000004174237667918359
33 0.00000027034664471807566
34 0.00000017552360203988717
35 0.0000001142406826058857
36 0.00000007453783664569147
37 0.00000004875324258644996
38 0.00000003196693190547994
39 0.000000021012084257437675
40 0.000000013845480716822086
41 0.000000009145715181583593
42 0.000000006056169662356828
43 0.0000000040202135415013446
44 0.0000000026752904461690283
45 0.0000000017846928466451583
46 0.0000000011935119039883172
47 0.0000000008001303697537866
48 0.0000000005377315055170081
49 0.0000000003622771460150425
50 0.00000000024467360499738603
51 0.0000000001656548027768178
52 0.00000000011243244896335512
53 0.00000000007649799223745414
54 0.0000000000521770031222213
55 0.00000000003567622982431656
56 0.0000000000244539771845902
57 0.000000000016803152934590387
58 0.000000000011574514555227822
59 0.000000000007992552881752707
60 0.0000000000055327236587787406
61 0.000000000003839398295302355
62 0.000000000002670902803993734
63 0.000000000001862617710593537
64 0.0000000000013021472555364926
65 0.0000000000009125721263818115
66 0.0000000000006411284172723032
67 0.00000000000045153724830823934
68 0.00000000000031879600100196056
69 0.00000000000022563313394726933
70 0.0000000000001600897822967422
71 0.00000000000011386626628814926
72 0.0000000000000811890153156988
73 0.00000000000005803235512917478
74 0.00000000000004158281110396695
75 0.00000000000002986951855999927
76 0.00000000000002150865867299964
77 0.00000000000001552634243944415
78 0.000000000000011235585811974832
79 0.000000000000008150664357042563
80 0.000000000000005927356183535983
81 0.000000000000004321154248921489
82 0.0000000000000031579790231008827
83 0.000000000000002313606204359018
84 0.0000000000000016991838334054504
85 0.0000000000000012510135749250165
86 0.0000000000000009233245966547256
87 0.0000000000000006831522694711662
88 0.0000000000000005067005242537704
89 0.0000000000000003767523063523766
90 0.00000000000000028082205515102724
91 0.00000000000000020983466449645845
92 0.0000000000000001571788055476447
93 0.0000000000000001180270252019307
94 0.00000000000000008884636538091171
95 0.00000000000000006704534015273628
96 0.00000000000000005071871698765629
97 0.00000000000000003846260075549768
98 0.000000000000000029240161216051467
99 0.000000000000000022283920807994882
100 0.000000000000000017024492630678456
101 0.0000000000000000130384953650546
102 0.000000000000000010010401666838931
103 0.000000000000000007704531915839381
104 0.000000000000000005944450856095708
105 0.000000000000000004597777506081124
106 0.000000000000000003564961870890847
107 0.000000000000000002770974664407744
108 0.000000000000000002159140722344163
109 0.000000000000000001686553296249567
110 0.0000000000000000013206566385988752
111 0.0000000000000000010366937865789506
112 0.0000000000000000008157964294408427
113 0.0000000000000000006435522788644873
114 0.0000000000000000005089282897364617
115 0.00000000000000000040345962496569507
116 0.0000000000000000003206374870370544
117 0.0000000000000000002554460782432291
118 0.0000000000000000002040116229213868
119 0.00000000000000000016333577203150795
120 0.00000000000000000013109267826369448
121 0.00000000000000000010547421232638636
122 0.00000000000000000008507165329216148
123 0.00000000000000000006878506990940466
124 0.00000000000000000005575376763866313
125 0.00000000000000000004530279387675465
126 0.000000000000000000036901708984359854
127 0.00000000000000000003013274529662622
128 0.00000000000000000002466616597383782
129 0.00000000000000000002024115665329397
130 0.00000000000000000001665097736319297
131 0.00000000000000000001373140139258292
132 0.0000000000000000000113516952224891
133 0.000000000000000000009407566783888061
134 0.00000000000000000000781564141324744
135 0.000000000000000000006509125852799575
136 0.00000000000000000000543439797275351
137 0.000000000000000000004548319226284859
138 0.0000000000000000000038161124597571275
139 0.000000000000000000003209682829870329
140 0.0000000000000000000027062866862195075
141 0.0000000000000000000022874742333531455
142 0.0000000000000000000019382480169406727
143 0.0000000000000000000016463918728846925
144 0.0000000000000000000014019347689288815
145 0.0000000000000000000011967215936328968
146 0.0000000000000000000010240688973446266
147 0.0000000000000000000008784882406795945
148 0.0000000000000000000007554634482024998
149 0.000000000000000000000651270922444714
150 0.00000000000000000000056283441921996
151 0.0000000000000000000004876074535071102
152 0.0000000000000000000004234778999842373
153 0.00000000000000000000036869045447269555
154 0.000000000000000000000321783495029882
155 0.00000000000000000000028153757330527033
156 0.00000000000000000000024693331639789474
157 0.0000000000000000000002171169568378811
158 0.00000000000000000000019137205698777397
159 0.00000000000000000000016909627259669169
160 0.0000000000000000000001497822229742392
161 0.00000000000000000000013300171373197603
162 0.00000000000000000000011839270130511202
163 0.00000000000000000000010564850366029595
164 0.00000000000000000000009450885437424879
165 0.00000000000000000000008475247211992195
166 0.0000000000000000000000761908780869896
167 0.00000000000000000000006866324282894988
168 0.0000000000000000000000620320837313696
169 0.00000000000000000000005617966654038522
170 0.000000000000000000000051004990621299936
171 0.000000000000000000000046421258990448477
172 0.00000000000000000000004235375160719414
173 0.00000000000000000000003873803467244502
174 0.00000000000000000000003551845035537204
175 0.000000000000000000000032646840944668794
176 0.000000000000000000000030081469285118765
177 0.000000000000000000000027786103830102416
178 0.000000000000000000000025729241971622824
179 0.000000000000000000000023883449708794844
180 0.00000000000000000000002222479935195378
181 0.000000000000000000000020732389969616588
182 0.0000000000000000000000193879377811139
183 0.000000000000000000000018175425769905118
184 0.000000000000000000000017080803515841353
185 0.000000000000000000000016091729679885614
186 0.00000000000000000000001519735077198103
187 0.000000000000000000000014388110832874602
188 0.000000000000000000000013655587497460398
189 0.000000000000000000000012992350608350876
190 0.000000000000000000000012391840136797627
191 0.000000000000000000000011848260662655136
192 0.000000000000000000000011356490081436652
193 0.000000000000000000000010912000557588826
194 0.000000000000000000000010510790039644523
195 0.00000000000000000000001014932290381765
196 0.00000000000000000000000982447850530006
197 0.000000000000000000000009533506597193664
198 0.000000000000000000000009273988730825964
199 0.000000000000000000000009043804882476848
200 0.000000000000000000000008841104663913312
