1 -0.35224152
2 -0.55652237
3 0.12908173
4 -0.60155106
5 -4.504135
6 -2.4702835
7 -2.9279137
8 -5.5913277
9 -1.0195236
10 -7.998493
11 -12.086519
12 -2.4690113
13 -8.683739
14 -0.6820984
15 -4.4977875
16 -16.629446
17 -5.8038387
18 -0.5449219
19 -1.9229155
20 -11.944468
21 -8.960379
22 -23.23524
23 -10.767591
24 -6.4640493
25 -5.038195
26 -17.960321
27 -9.7793865
28 -17.665588
29 -0.6890497
30 -2.0440235
31 2.5062237
32 -Infinity
33 16.949562
34 -Infinity
35 9.73455
36 -Infinity
37 14.77453
38 -Infinity
