1 -3.8710327
2 -6.3574104
3 -3.3349457
4 -10.777466
5 -21.951149
6 -11.142345
7 -20.21072
8 -16.74633
9 -29.435865
10 -29.903011
11 -16.943737
12 -12.991154
13 -9.621233
14 -17.628817
15 -27.899435
16 -9.486864
17 -17.989145
18 -12.862318
19 -3.6626587
20 -37.5695
21 -23.985447
22 -18.646883
23 -17.800808
24 -10.276196
25 -16.780106
26 -16.54292
27 -17.996265
28 -6.0029535
29 -6.1784883
30 -7.8529234
31 -10.97863
32 -Infinity
33 8.498242
34 -Infinity
35 6.6520596
36 -34.449078
37 12.456129
38 -Infinity
