1 -1.4489441
2 -2.8358345
3 -0.8736801
4 -3.7097473
5 -8.537323
6 -3.7219048
7 -10.742039
8 -11.9662285
9 -6.258999
10 -13.470959
11 -23.703747
12 3.9380188
13 -3.1714058
14 -23.990032
15 -14.515915
16 -25.736357
17 -8.587992
18 -10.985753
19 -7.945508
20 -23.188946
21 -12.196763
22 -28.913197
23 -17.663948
24 -5.913971
25 -1.8034763
26 -11.675254
27 -19.949314
28 -8.963587
29 -7.3786936
30 -5.7463903
31 -13.883278
32 -16.06378
33 -12.841706
34 -10.608124
35 -9.070851
36 -6.1599107
37 -3.3955898
38 -6.3221884
