1 -19.603554
2 -Infinity
3 -40.388786
4 -55.51146
5 -59.544945
6 -41.175095
7 -40.158844
8 -36.183823
9 -56.116394
10 -52.6624
11 -25.231468
12 -26.937037
13 -21.636902
14 -31.351467
15 -20.821476
16 -38.995014
17 -16.806131
18 -16.158575
19 -8.769899
20 -32.387627
21 -30.268368
22 -16.429327
23 -26.706013
24 -13.082881
25 -12.483421
26 -22.214752
27 -30.428211
28 -11.114574
29 -6.4525185
30 -0.68033314
31 -11.131699
32 -32.734364
33 0.9645796
34 -Infinity
35 -0.49242306
36 -Infinity
37 11.366909
38 -26.603642
