1 85.041595
2 56.58493
3 78.54372
4 51.521255
5 52.635082
6 56.13012
7 33.23804
8 37.400024
9 28.008139
10 22.036001
11 18.361446
12 16.882212
13 14.6873
14 6.4974976
15 8.904201
16 10.617199
17 1.2994008
18 7.2158184
19 8.854237
20 -0.33110604
21 1.2573097
22 -0.14535865
23 6.910384
24 -0.09166113
25 0.98236334
26 1.4308691
27 0.5589595
28 -0.17349273
29 5.5287895
30 7.4604583
31 -15.6456585
32 -22.015257
33 -9.680248
34 -22.646467
35 -12.346075
36 -20.863747
37 -15.099585
38 -21.150148
39 -14.526305
40 -25.736122
41 -16.892456
42 -24.61417
43 -21.623646
44 -21.942446
45 -25.060482
46 -23.362122
47 -17.758913
48 -18.020422
49 -21.730288
50 -15.9885845
51 -19.384283
52 -20.843765
53 -31.349915
54 -20.245125
55 -23.316265
56 -18.18129
57 -21.912481
58 -18.689163
59 -25.840223
60 -17.636799
61 -17.89288
62 -14.821112
63 -21.917105
64 -17.67391
65 -20.097273
66 -16.83421
67 -19.283146
68 -16.856812
69 -15.64835
