1 85.041595
2 56.58493
3 78.54372
4 52.169537
5 57.331047
6 56.92818
7 35.46282
8 38.753227
9 30.131393
10 25.925991
11 22.720318
12 22.961891
13 21.68372
14 13.838972
15 13.827646
16 14.320808
17 10.415007
18 13.585767
19 11.380171
20 7.850923
21 9.842817
22 7.7241635
23 12.960653
24 10.504827
25 7.946783
26 9.115723
27 6.159664
28 5.595732
29 11.1544895
30 12.304348
31 -2.894784
32 -15.004598
33 -2.3916707
34 -12.488392
35 -2.8510432
36 -12.223457
37 -3.0846844
38 -12.3050165
39 -3.8468168
40 -14.657089
41 -3.8142393
42 -14.496613
43 -3.655647
44 -12.850641
45 -5.4879217
46 -12.55196
47 -4.533002
48 -9.5781355
49 -7.6850753
50 -9.537183
51 -6.86425
52 -8.241562
53 -6.8881516
54 -9.095294
55 -7.426781
56 -7.37177
57 -8.681037
58 -7.1623106
59 -9.838162
60 -6.1993856
61 -9.972742
62 -6.1466794
63 -10.53944
64 -5.5261707
65 -10.001112
66 -6.1640143
67 -10.319828
68 -6.2115774
69 -9.976757
