1 85.041595
2 56.58493
3 78.54372
4 51.866566
5 55.77179
6 56.287342
7 34.34381
8 38.00115
9 29.80357
10 23.914003
11 21.469158
12 21.44859
13 19.366179
14 11.601224
15 11.895122
16 13.560282
17 8.83569
18 12.140893
19 11.010635
20 5.786831
21 5.948138
22 5.575549
23 10.627441
24 8.816023
25 5.5128107
26 6.260679
27 3.654977
28 3.9571285
29 8.868181
30 10.167826
31 -5.8712015
32 -16.512232
33 -3.9166064
34 -14.540661
35 -3.5657012
36 -15.440752
37 -4.071786
38 -15.330471
39 -4.801615
40 -18.724209
41 -6.026703
42 -16.362453
43 -5.690062
44 -14.842642
45 -9.1114
46 -16.159613
47 -9.198712
48 -14.063742
49 -12.803581
50 -13.396226
51 -11.687248
52 -12.345932
53 -15.6783285
54 -12.953601
55 -15.26368
56 -11.212882
57 -12.5033455
58 -13.461983
59 -14.995585
60 -11.955032
61 -15.628912
62 -9.744092
63 -15.738979
64 -8.857065
65 -13.049811
66 -10.041503
67 -13.616386
68 -9.975614
69 -13.167729
