1 1.0
2 0.32987697769322355
3 0.1724272859905955
4 0.10881882041201552
5 0.07614615754863513
6 0.05687979197442276
7 0.044447069887403656
8 0.035896823593657326
9 0.029731168954082614
10 0.025118864315095794
11 0.021566104423792334
12 0.018763333868341843
13 0.01650785465023127
14 0.01466206508177621
15 0.013129675284723452
16 0.01184153567586248
17 0.010746863327327792
18 0.009807628157859368
19 0.008994856485140354
20 0.008286135043349963
21 0.007663887630919338
22 0.007114161347937076
23 0.006625756363926819
24 0.00618959186793751
25 0.005798237309421563
26 0.005445561200217318
27 0.005126464772080316
28 0.004836677715917681
29 0.0045725999089402765
30 0.004331177601017986
31 0.004109805697346823
32 0.00390625
33 0.0037185848551842863
34 0.0035451427941010317
35 0.0033844735862214362
36 0.0032353107350536064
37 0.0030965439004921897
38 0.0029671960721023927
39 0.0028464045748666103
40 0.0027334051848581942
41 0.002627518782714823
42 0.0025281400890681495
43 0.0024347281165976423
44 0.0023467980442794323
45 0.0022639142752826635
46 0.0021856844842638203
47 0.0021117544951192815
48 0.0020418038585497795
49 0.001975542021575745
50 0.0019127049995800727
51 0.0018530524764429927
52 0.0017963652705711717
53 0.0017424431146570586
54 0.0016911027052646341
55 0.0016421759851644084
56 0.0015955086270030877
57 0.0015509586916076581
58 0.0015083954381615273
59 0.0014676982667911126
60 0.001428755776876399
61 0.0013914649267397377
62 0.0013557302823471605
63 0.0013214633443363168
64 0.0012885819441141534
65 0.0012570097009864788
66 0.0012266755333239863
67 0.0011975132176632007
68 0.0011694609904089586
69 0.001142461187466818
70 0.0011164599177052733
71 0.0010914067666420815
72 0.0010672545271779258
73 0.0010439589545732549
74 0.0010214785431887498
75 0.000999774322792973
76 0.0009788096724883406
77 0.0009585501505233431
78 0.0009389633384491625
79 0.0009200186982460476
80 0.0009016874411920084
81 0.0008839424073762059
82 0.0008667579548741429
83 0.0008501098577031842
84 0.0008339752117668785
85 0.000818332348076351
86 0.0008031607526079447
87 0.0007884409922194162
88 0.0007741546461032661
89 0.0007602842423059724
90 0.0007468131988867898
91 0.0007337257693299312
92 0.0007210069918599213
93 0.0007086426423421997
94 0.0006966191904800279
95 0.0006849237590448601
96 0.0006735440859007635
97 0.0006624684886046793
98 0.000651685831383368
99 0.0006411854943051587
100 0.000630957344480193
101 0.000620991709136994
102 0.0006112793504359572
103 0.0006018114418919982
104 0.0005925795462890881
105 0.0005835755949790199
106 0.000574791868465437
107 0.0005662209781820915
108 0.0005578558493815318
109 0.0005496897050570112
110 0.0005417160508264272
111 0.0005339286607126008
112 0.0005263215637592434
113 0.0005188890314265476
114 0.0005116255657145707
115 0.0005045258879664432
116 0.0004975849283069704
117 0.0004907978156754642
118 0.00048415986841463486
119 0.0004776665853801135
120 0.00047131363753772027
121 0.00046509686001791525
122 0.0004590122445990275
123 0.00045305593259283
124 0.0004472242081078621
125 0.0004415134916675884
126 0.00043592033416204327
127 0.0004304414111130487
128 0.00042507351723443534
129 0.00041981356126992545
130 0.0004146585610924824
131 0.00040960563904999424
132 0.00040465201754313977
133 0.00039979501482219934
134 0.00039503204099042413
135 0.0003903605942023554
136 0.00038577825704623123
137 0.00038128269310028066
138 0.00037687164365336534
139 0.00037254292458098405
140 0.00036829442336824034
141 0.00036412409627185785
142 0.0003600299656138232
143 0.00035601011719967366
144 0.0003520626978548641
145 0.00034818591307304083
146 0.0003443780247704022
147 0.00034063734914068004
148 0.00033696225460558136
149 0.00033335115985583074
150 0.000329802531978235
151 0.00032631488466444616
152 0.00032288677649734785
153 0.00031951680931121705
154 0.00031620362662202503
155 0.0003129459121244494
156 0.0003097423882523488
157 0.0003065918147996381
158 0.00030349298759866007
159 0.0003004447372533166
160 0.0002974459279243557
161 0.00029449545616436505
162 0.0002915922498001351
163 0.00028873526686019755
164 0.00028592349454544175
165 0.00028315594824083134
166 0.00028043167056634284
167 0.00027774973046534423
168 0.000275109222328724
169 0.00027250926515316217
170 0.0002699490017320258
171 0.00026742759787743337
172 0.00026494424167212337
173 0.00026249814274980943
174 0.0002600885316027875
175 0.0002577146589156117
176 0.00025537579492371264
177 0.0002530712287958927
178 0.00025080026803967674
179 0.0002485622379285537
180 0.00024635648095018255
181 0.0002441823562746855
182 0.00024203923924219305
183 0.0002399265208688357
184 0.00023784360737043355
185 0.0002357899197031435
186 0.00023376489312038458
187 0.00023176797674537535
188 0.0002297986331586514
189 0.00022785633799996677
190 0.00022594057958399987
191 0.0002240508585293208
192 0.0002221866874000889
193 0.0002203475903599867
194 0.00021853310283790942
195 0.00021674277120494877
196 0.00021497615246224115
197 0.00021323281393925505
198 0.00021151233300212115
199 0.000209814296771621
200 0.00020813830185046825
201 0.00020648395405953088
202 0.00020485086818266074
203 0.00020323866771980418
204 0.0002016469846480905
205 0.00020007545919060074
206 0.00019852373959253344
207 0.00019699148190449635
208 0.00019547834977266609
209 0.00019398401423556254
210 0.00019250815352720384
211 0.000191050452886407
212 0.00018961060437201933
213 0.00018818830668386526
214 0.00018678326498920903
215 0.00018539519075453577
216 0.00018402380158246591
217 0.00018266882105362386
218 0.00018132997857328635
219 0.00018000700922264566
220 0.0001786996536145303
221 0.000177407657753428
222 0.00017613077289966336
223 0.00017486875543759177
224 0.00017362136674767053
225 0.00017238837308227787
226 0.00017116954544515347
227 0.00016996465947434014
228 0.00016877349532850837
229 0.00016759583757655416
230 0.00016643147509036026
231 0.00016528020094061678
232 0.00016414181229560277
233 0.00016301611032282985
234 0.000161902900093458
235 0.0001608019904893913
236 0.0001597131941129686
237 0.00015863632719916658
238 0.000157571209530234
239 0.00015651766435267997
240 0.00015547551829654265
241 0.00015444460129686666
242 0.0001534247465173182
243 0.00015241579027587248
244 0.00015141757197250993
245 0.00015042993401885585
246 0.00014945272176970762
247 0.00014848578345638718
248 0.00014752897012186683
249 0.00014658213555761136
250 0.00014564513624208637
251 0.00014471783128088036
252 0.00014380008234839495
253 0.00014289175363105245
254 0.00014199271177197889
255 0.00014110282581711648
256 0.00014022196716272393
257 0.00013935000950422285
258 0.00013848682878635197
259 0.00013763230315458986
260 0.00013678631290780905
261 0.00013594874045212615
262 0.00013511947025591356
263 0.00013429838880593822
264 0.00013348538456459629
265 0.00013268034792821078
266 0.00013188317118636466
267 0.00013109374848223508
268 0.00013031197577390675
269 0.00012953775079663002
270 0.00012877097302600396
271 0.00012801154364205195
272 0.00012725936549417015
273 0.00012651434306692173
274 0.00012577638244665355
275 0.0001250453912889142
276 0.00012432127878664957
277 0.0001236039556391562
278 0.00012289333402176956
279 0.0001221893275562697
280 0.00012149185128198367
281 0.00012080082162756572
282 0.00012011615638343687
283 0.00011943777467486735
284 0.00011876559693568325
285 0.00011809954488258177
286 0.00011743954149003854
287 0.00011678551096579152
288 0.00011613737872688513
289 0.00011549507137626299
290 0.00011485851667989019
291 0.00011422764354439658
292 0.00011360238199522239
293 0.00011298266315525759
294 0.00011236841922395895
295 0.00011175958345693482
296 0.00011115609014598371
297 0.00011055787459957693
298 0.00010996487312377209
299 0.00010937702300354878
300 0.00010879426248455291
301 0.00010821653075524207
302 0.00010764376792942037
303 0.00010707591502915314
304 0.0001065129139680525
305 0.00010595470753492415
306 0.00010540123937776634
307 0.00010485245398811253
308 0.00010430829668571016
309 0.00010376871360352419
310 0.00010323365167306251
311 0.00010270305861000953
312 0.00010217688290016588
313 0.00010165507378568262
314 0.00010113758125158506
315 0.00010062435601257935
316 0.00010011534950013299
317 0.00009961051384982501
318 0.00009910980188895876
319 0.00009861316712442937
320 0.00009812056373084289
321 0.00009763194653887831
322 0.00009714727102388797
323 0.00009666649329473137
324 0.00009618957008283593
325 0.0000957164587314792
326 0.00009524711718528836
327 0.00009478150397995132
328 0.00009431957823213523
329 0.00009386129962960552
330 0.0000934066284215443
331 0.00009295552540906006
332 0.00009250795193588681
333 0.0000920638698792672
334 0.00009162324164101524
335 0.0000911860301387551
336 0.00009075219879733249
337 0.00009032171154039327
338 0.00008989453278212644
339 0.0000894706274191684
340 0.00008904996082266346
341 0.00008863249883047821
342 0.00008821820773956648
343 0.00008780705429847984
344 0.0000873990057000231
345 0.00008699402957404913
346 0.00008659209398039152
347 0.00008619316740193143
348 0.00008579721873779592
349 0.0000854042172966846
350 0.00008501413279032187
351 0.00008462693532703282
352 0.0000842425954054388
353 0.00008386108390827095
354 0.0000834823720962993
355 0.00008310643160237442
356 0.00008273323442557895
357 0.00008236275292548812
358 0.00008199495981653527
359 0.00008162982816248108
360 0.00008126733137098434
361 0.00008090744318827149
362 0.00008055013769390323
363 0.00008019538929563701
364 0.00007984317272438165
365 0.00007949346302924341
366 0.00007914623557266168
367 0.00007880146602563153
368 0.00007845913036301235
369 0.00007811920485891984
370 0.00007778166608220077
371 0.0000774464908919876
372 0.00007711365643333192
373 0.00007678314013291582
374 0.00007645491969483777
375 0.00007612897309647365
376 0.00007580527858440974
377 0.00007548381467044683
378 0.00007516456012767467
379 0.0000748474939866137
380 0.00007453259553142516
381 0.00007421984429618513
382 0.00007390922006122436
383 0.00007360070284953012
384 0.00007329427292321028
385 0.00007298991078001842
386 0.00007268759714993691
387 0.00007238731299181981
388 0.0000720890394900919
389 0.00007179275805150383
390 0.00007149845030194226
391 0.00007120609808329387
392 0.00007091568345036169
393 0.00007062718866783405
394 0.00007034059620730295
395 0.00007005588874433376
396 0.00006977304915558241
397 0.00006949206051596121
398 0.00006921290609585143
399 0.00006893556935836172
400 0.00006866003395663228
401 0.00006838628373118295
402 0.0000681143027073045
403 0.00006784407509249372
404 0.00006757558527392908
405 0.00006730881781598842
406 0.00006704375745780635
407 0.00006678038911087177
408 0.00006651869785666395
409 0.00006625866894432653
410 0.00006600028778837927
411 0.00006574353996646654
412 0.0000654884112171415
413 0.00006523488743768588
414 0.00006498295468196461
415 0.00006473259915831448
416 0.00006448380722746586
417 0.00006423656540049816
418 0.00006399086033682664
419 0.00006374667884222128
420 0.00006350400786685709
421 0.00006326283450339441
422 0.00006302314598508956
423 0.00006278492968393475
424 0.00006254817310882727
425 0.00006231286390376636
426 0.00006207898984607895
427 0.00006184653884467213
428 0.0000616154989383128
429 0.00006138585829393353
430 0.00006115760520496486
431 0.000060930728089692786
432 0.00006070521548964132
433 0.00006048105606797956
434 0.00006025823860795374
435 0.000060036752011341896
436 0.00005981658529693271
437 0.00005959772759902715
438 0.000059380168165962584
439 0.000059163896358658965
440 0.0000589489016491872
441 0.000058735173619358425
442 0.000058522701959334626
443 0.00005831147646625999
444 0.000058101487042912495
445 0.00005789272369637528
446 0.00005768517653672824
447 0.0000574788357757581
448 0.00005727369172568832
449 0.00005706973479792698
450 0.00005686695550183369
451 0.00005666534444350359
452 0.000056464892324570124
453 0.00005626558994102464
454 0.00005606742818205325
455 0.0000558703980288904
456 0.00005567449055368967
457 0.00005547969691840989
458 0.000055286008373718086
459 0.00005509341625790778
460 0.000054901911995833075
461 0.00005471148709785775
462 0.00005452213315881936
463 0.000054333841857008485
464 0.00005414660495316185
465 0.00005396041428947019
466 0.00005377526178860024
467 0.0000535911394527299
468 0.000053408039362597865
