1 -0.00723
2 -0.13193
3 -0.18228
4 -0.16137
5 -0.13935
6 -0.16383
7 -0.19608
8 -0.15780
9 -0.03645
10 0.08733
11 0.13090
12 0.10267
13 0.07910
14 0.10188
15 0.12792
16 0.08648
17 -0.03290
18 -0.16248
19 -0.22499
20 -0.21349
21 -0.19351
22 -0.21990
23 -0.26386
24 -0.24516
25 -0.13623
26 -0.00546
27 0.05914
28 0.04818
29 0.02886
30 0.05380
31 0.09708
32 0.08711
33 -0.00909
34 -0.14406
35 -0.23458
36 -0.24800
37 -0.23474
38 -0.26291
39 -0.32801
40 -0.35240
41 -0.28110
42 -0.15316
43 -0.05828
44 -0.03689
45 -0.04595
46 -0.02147
47 0.04285
48 0.08629
49 0.04630
50 -0.07016
51 -0.18680
52 -0.23726
53 -0.23773
54 -0.26183
55 -0.34285
56 -0.42560
57 -0.42996
58 -0.34474
59 -0.23785
60 -0.17930
61 -0.17126
62 -0.15660
63 -0.08903
64 0.00861
65 0.06007
66 0.01578
67 -0.08813
68 -0.16738
69 -0.18604
70 -0.19405
71 -0.25854
72 -0.37674
73 -0.47577
74 -0.49148
75 -0.43193
76 -0.36309
77 -0.33894
78 -0.34629
79 -0.32056
80 -0.22248
81 -0.09406
82 -0.02162
83 -0.04141
84 -0.10186
85 -0.12916
86 -0.11312
87 -0.11228
88 -0.18215
89 -0.31248
90 -0.43466
91 -0.48596
92 -0.46935
93 -0.44865
94 -0.47611
95 -0.52779
96 -0.52745
97 -0.43730
98 -0.30608
99 -0.21622
100 -0.19750
101 -0.20632
102 -0.18258
103 -0.11600
104 -0.05856
105 -0.07477
106 -0.17394
107 -0.29326
108 -0.35977
109 -0.36904
110 -0.38602
111 -0.46322
112 -0.57544
113 -0.64688
114 -0.63133
115 -0.55436
116 -0.48295
117 -0.46025
118 -0.46511
119 -0.43438
120 -0.33370
121 -0.20534
122 -0.13132
123 -0.14617
124 -0.20233
125 -0.22893
126 -0.21039
127 -0.19679
128 -0.24617
129 -0.36502
130 -0.49895
131 -0.57922
132 -0.58700
133 -0.57305
134 -0.60181
135 -0.67482
136 -0.72482
137 -0.69110
138 -0.58586
139 -0.47810
140 -0.42317
141 -0.41562
142 -0.40240
143 -0.33748
144 -0.23246
145 -0.15448
146 -0.16232
147 -0.24220
148 -0.32080
149 -0.34595
150 -0.34010
151 -0.36794
152 -0.46395
153 -0.59844
154 -0.70512
155 -0.73794
156 -0.71165
157 -0.68914
158 -0.71699
159 -0.77097
160 -0.77888
161 -0.70116
162 -0.57508
163 -0.47412
164 -0.43612
165 -0.43605
166 -0.41776
167 -0.34843
168 -0.25330
169 -0.19961
170 -0.23317
171 -0.32721
172 -0.40732
173 -0.43069
174 -0.42798
175 -0.46299
176 -0.56390
177 -0.69791
178 -0.80134
179 -0.83191
180 -0.80512
181 -0.78258
182 -0.81094
183 -0.86834
184 -0.88434
185 -0.81667
186 -0.69583
187 -0.59092
188 -0.54384
189 -0.53918
190 -0.52471
191 -0.45899
192 -0.35355
193 -0.27158
194 -0.27058
195 -0.34142
196 -0.41672
197 -0.44285
198 -0.43184
199 -0.44067
200 -0.51275
201 -0.64072
202 -0.77160
203 -0.84676
204 -0.85305
205 -0.83934
206 -0.86829
207 -0.94716
208 -1.01827
209 -1.02033
210 -0.94742
211 -0.84740
212 -0.77690
213 -0.75750
214 -0.75913
215 -0.72363
216 -0.62128
217 -0.48943
218 -0.40140
219 -0.39300
220 -0.43075
221 -0.45303
222 -0.42974
223 -0.38293
224 -0.36542
225 -0.41930
226 -0.53682
227 -0.65796
228 -0.72291
229 -0.73278
230 -0.74642
231 -0.81534
232 -0.93306
233 -1.04694
234 -1.10474
235 -1.09195
236 -1.04276
237 -1.01619
238 -1.04261
239 -1.08787
240 -1.08447
241 -1.00237
242 -0.87797
243 -0.77438
244 -0.72625
245 -0.71980
246 -0.70818
247 -0.64720
248 -0.53676
249 -0.43177
250 -0.39513
251 -0.43416
252 -0.49510
253 -0.52071
254 -0.50143
255 -0.47433
256 -0.48933
257 -0.57322
258 -0.70482
259 -0.82281
260 -0.87782
261 -0.88302
262 -0.90028
263 -0.97433
264 -1.09179
265 -1.20074
266 -1.25430
267 -1.24046
268 -1.19149
269 -1.16477
270 -1.19248
271 -1.24400
272 -1.25324
273 -1.18627
274 -1.07104
275 -0.96439
276 -0.90506
277 -0.89222
278 -0.88755
279 -0.83976
280 -0.73063
281 -0.60246
282 -0.52285
283 -0.51831
284 -0.55388
285 -0.57438
286 -0.55124
287 -0.49643
288 -0.45332
289 -0.47065
290 -0.56047
291 -0.67677
292 -0.75443
293 -0.77360
294 -0.77400
295 -0.80928
296 -0.90203
297 -1.03474
298 -1.16186
299 -1.23501
300 -1.24284
301 -1.23031
302 -1.25892
303 -1.34355
304 -1.44087
305 -1.49603
306 -1.48572
307 -1.42517
308 -1.35705
309 -1.32846
310 -1.35125
311 -1.38105
312 -1.35590
313 -1.25938
314 -1.13290
315 -1.03082
316 -0.97953
317 -0.96969
318 -0.96311
319 -0.91219
320 -0.80136
321 -0.67306
322 -0.59245
323 -0.58351
324 -0.61312
325 -0.63114
326 -0.60860
327 -0.54794
328 -0.48375
329 -0.46854
330 -0.52874
331 -0.63047
332 -0.70883
333 -0.73207
334 -0.72320
335 -0.72750
336 -0.77925
337 -0.88801
338 -1.02755
339 -1.14160
340 -1.18989
341 -1.19259
342 -1.21047
343 -1.28258
344 -1.39867
345 -1.52100
346 -1.60936
347 -1.63673
348 -1.61283
349 -1.59096
350 -1.62299
351 -1.70444
352 -1.78159
353 -1.80764
354 -1.77433
355 -1.70259
356 -1.63076
357 -1.60130
358 -1.62488
359 -1.65690
360 -1.63591
361 -1.54634
362 -1.42606
363 -1.32206
364 -1.26036
365 -1.24375
366 -1.24572
367 -1.21409
368 -1.11526
369 -0.97664
370 -0.86171
371 -0.80625
372 -0.79772
373 -0.80261
374 -0.78642
375 -0.72153
376 -0.61331
377 -0.51436
378 -0.48066
379 -0.51260
380 -0.56091
381 -0.58135
382 -0.56104
383 -0.50877
384 -0.45467
385 -0.44756
386 -0.51338
387 -0.61695
388 -0.69380
389 -0.71616
390 -0.70594
391 -0.69842
392 -0.72358
393 -0.80501
394 -0.93597
395 -1.06303
396 -1.13099
397 -1.14288
398 -1.15000
399 -1.19348
400 -1.28263
401 -1.41027
402 -1.54979
403 -1.65109
404 -1.68326
405 -1.67881
406 -1.70231
407 -1.78174
408 -1.89728
409 -2.01885
410 -2.11827
411 -2.16413
412 -2.15206
413 -2.13230
414 -2.16587
415 -2.25719
416 -2.36029
417 -2.43629
418 -2.47048
419 -2.45568
420 -2.40664
421 -2.37698
422 -2.41291
423 -2.49426
424 -2.55844
425 -2.57113
426 -2.53911
427 -2.47658
428 -2.40608
429 -2.37313
430 -2.40516
431 -2.46292
432 -2.47783
433 -2.42899
434 -2.34585
435 -2.25668
436 -2.18119
437 -2.15046
438 -2.17508
439 -2.20471
440 -2.17314
441 -2.07641
442 -1.96344
443 -1.86848
444 -1.80090
445 -1.77580
446 -1.79213
447 -1.79601
448 -1.72825
449 -1.60126
450 -1.47845
451 -1.39356
452 -1.34170
453 -1.32358
454 -1.33257
455 -1.31686
456 -1.22552
457 -1.08432
458 -0.96644
459 -0.90116
460 -0.86818
461 -0.85691
462 -0.86046
463 -0.83247
464 -0.72903
465 -0.58535
466 -0.48101
467 -0.43929
468 -0.42517
469 -0.41975
470 -0.42002
471 -0.38654
472 -0.27978
473 -0.14050
474 -0.05289
475 -0.03477
476 -0.03774
477 -0.03694
478 -0.03590
479 -0.00245
480 0.10172
481 0.23388
482 0.30553
483 0.30238
484 0.28462
485 0.28192
486 0.28270
487 0.31193
488 0.40993
489 0.53518
490 0.59424
491 0.57330
492 0.54286
493 0.53745
494 0.53685
495 0.55875
496 0.64842
497 0.76871
498 0.82011
499 0.78537
500 0.74383
501 0.73611
502 0.73340
503 0.74563
504 0.82535
505 0.94326
506 0.99276
507 0.94853
508 0.89698
509 0.88691
510 0.88178
511 0.88247
512 0.95037
513 1.06812
514 1.12189
515 1.07297
516 1.01219
517 0.99938
518 0.99194
519 0.97959
520 1.03296
521 1.15154
522 1.21569
523 1.16769
524 1.09863
525 1.08239
526 1.07325
527 1.04692
528 1.08188
529 1.20012
530 1.28008
531 1.23969
532 1.16409
533 1.14366
534 1.13398
535 1.09368
536 1.10536
537 1.21903
538 1.31852
539 1.29354
540 1.21459
541 1.18938
542 1.18097
543 1.12843
544 1.11164
545 1.21286
546 1.33232
547 1.33107
548 1.25407
549 1.22407
550 1.21932
551 1.15882
552 1.10963
553 1.18691
554 1.32166
555 1.35146
556 1.28404
557 1.25027
558 1.25190
559 1.19094
560 1.10910
561 1.14877
562 1.28727
563 1.35185
564 1.30338
565 1.26837
566 1.27875
567 1.22801
568 1.11981
569 1.10943
570 1.23287
571 1.32896
572 1.30869
573 1.27653
574 1.29675
575 1.26858
576 1.14917
577 1.08305
578 1.16772
579 1.28193
580 1.29554
581 1.27145
582 1.30009
583 1.30502
584 1.19831
585 1.08403
586 1.10774
587 1.21590
588 1.26117
589 1.25002
590 1.28232
591 1.32389
592 1.25791
593 1.12095
594 1.07336
595 1.14476
596 1.20819
597 1.21220
598 1.24035
599 1.30981
600 1.30656
601 1.18840
602 1.08205
603 1.09033
604 1.14757
605 1.16391
606 1.17929
607 1.25384
608 1.31569
609 1.26130
610 1.13656
611 1.07502
612 1.09814
613 1.11799
614 1.11532
615 1.16373
616 1.26341
617 1.29872
618 1.21413
619 1.10809
620 1.07955
621 1.09048
622 1.07225
623 1.06945
624 1.15374
625 1.26261
626 1.26740
627 1.17174
628 1.09920
629 1.09142
630 1.06934
631 1.01468
632 1.02878
633 1.14780
634 1.24621
635 1.21979
636 1.14005
637 1.11392
638 1.10418
639 1.03047
640 0.95601
641 1.00349
642 1.13655
643 1.20072
644 1.16226
645 1.13140
646 1.14387
647 1.10309
648 0.98394
649 0.91793
650 0.99039
651 1.10044
652 1.12785
653 1.11194
654 1.14017
655 1.16577
656 1.08917
657 0.95489
658 0.90707
659 0.97244
660 1.03795
661 1.04697
662 1.06951
663 1.14084
664 1.16881
665 1.07990
666 0.95338
667 0.91175
668 0.94824
669 0.97018
670 0.96789
671 1.01696
672 1.11776
673 1.15840
674 1.07860
675 0.96716
676 0.92853
677 0.93678
678 0.91376
679 0.88718
680 0.94783
681 1.07362
682 1.13038
683 1.06705
684 0.98493
685 0.96517
686 0.94922
687 0.87343
688 0.81427
689 0.87693
690 1.00976
691 1.06843
692 1.03012
693 1.00044
694 1.01352
695 0.97809
696 0.85991
697 0.77476
698 0.82040
699 0.92673
700 0.97230
701 0.96569
702 0.99364
703 1.04347
704 1.01199
705 0.88513
706 0.78255
707 0.78953
708 0.84729
709 0.86797
710 0.87420
711 0.93731
712 1.02797
713 1.03540
714 0.93297
715 0.82560
716 0.79970
717 0.81195
718 0.78908
719 0.76700
720 0.83238
721 0.95896
722 1.01696
723 0.95696
724 0.87528
725 0.85402
726 0.84035
727 0.76353
728 0.68576
729 0.72100
730 0.84816
731 0.93090
732 0.91657
733 0.89128
734 0.91210
735 0.90629
736 0.80490
737 0.68136
738 0.65937
739 0.73648
740 0.80249
741 0.81200
742 0.83232
743 0.90344
744 0.94890
745 0.88491
746 0.75530
747 0.67908
748 0.68980
749 0.71040
750 0.69380
751 0.70172
752 0.79418
753 0.90673
754 0.92165
755 0.83428
756 0.75482
757 0.73979
758 0.72097
759 0.64382
760 0.58365
761 0.63929
762 0.77020
763 0.84398
764 0.82340
765 0.79752
766 0.81735
767 0.81024
768 0.70980
769 0.58447
770 0.55396
771 0.62369
772 0.69133
773 0.70423
774 0.72087
775 0.79206
776 0.85770
777 0.82332
778 0.70157
779 0.60386
780 0.59175
781 0.60755
782 0.58454
783 0.56308
784 0.62722
785 0.75606
786 0.82789
787 0.78428
788 0.70572
789 0.68060
790 0.67414
791 0.60388
792 0.49694
793 0.47078
794 0.56174
795 0.66921
796 0.70047
797 0.68984
798 0.71677
799 0.76366
800 0.73741
801 0.61692
802 0.49931
803 0.47576
804 0.51950
805 0.54352
806 0.53536
807 0.56796
808 0.67211
809 0.76440
810 0.74852
811 0.64809
812 0.57218
813 0.56024
814 0.53998
815 0.46200
816 0.39870
817 0.44562
818 0.57306
819 0.65880
820 0.65420
821 0.63279
822 0.65675
823 0.67452
824 0.60428
825 0.46999
826 0.38365
827 0.40153
828 0.46174
829 0.48452
830 0.48434
831 0.53438
832 0.63930
833 0.70503
834 0.65794
835 0.54704
836 0.47837
837 0.47146
838 0.44848
839 0.37242
840 0.32206
841 0.38239
842 0.51250
843 0.59302
844 0.58453
845 0.56262
846 0.58625
847 0.60413
848 0.53607
849 0.40218
850 0.30971
851 0.31876
852 0.37561
853 0.39943
854 0.39539
855 0.43661
856 0.54264
857 0.62905
858 0.60856
859 0.50773
860 0.43088
861 0.41748
862 0.39907
863 0.31983
864 0.23903
865 0.25681
866 0.37017
867 0.47194
868 0.49291
869 0.48004
870 0.50641
871 0.55355
872 0.53526
873 0.42302
874 0.29562
875 0.24622
876 0.27275
877 0.29588
878 0.27763
879 0.27644
880 0.35845
881 0.48659
882 0.55079
883 0.50722
884 0.43099
885 0.40470
886 0.40401
887 0.34647
888 0.22841
889 0.14684
890 0.17501
891 0.26960
892 0.33434
893 0.34403
894 0.36100
895 0.43149
896 0.50773
897 0.50100
898 0.39721
899 0.28195
900 0.23657
901 0.24033
902 0.21376
903 0.14522
904 0.11935
905 0.19986
906 0.33191
907 0.40634
908 0.39621
909 0.37502
910 0.39916
911 0.42566
912 0.37532
913 0.24760
914 0.13190
915 0.10404
916 0.14220
917 0.16669
918 0.15030
919 0.15459
920 0.24023
921 0.36853
922 0.43439
923 0.39538
924 0.32151
925 0.29446
926 0.29740
927 0.24951
928 0.13231
929 0.02821
930 0.02093
931 0.09540
932 0.16518
933 0.18283
934 0.19035
935 0.25118
936 0.35344
937 0.40975
938 0.36037
939 0.25068
940 0.17684
941 0.16498
942 0.14678
943 0.06719
944 -0.02576
945 -0.03657
946 0.05317
947 0.16120
948 0.20838
949 0.20801
950 0.23049
951 0.29935
952 0.35301
953 0.31738
954 0.19965
955 0.08735
956 0.04836
957 0.05392
958 0.02694
959 -0.04382
960 -0.07884
961 -0.01185
962 0.11705
963 0.20674
964 0.21637
965 0.20171
966 0.22752
967 0.27780
968 0.27585
969 0.18190
970 0.04774
971 -0.03632
972 -0.04083
973 -0.02441
974 -0.05142
975 -0.10080
976 -0.08864
977 0.01829
978 0.14864
979 0.20832
980 0.19017
981 0.16828
982 0.19214
983 0.22252
984 0.18493
985 0.06633
986 -0.06237
987 -0.12091
988 -0.10513
989 -0.08405
990 -0.10895
991 -0.14323
992 -0.10703
993 0.01378
994 0.13727
995 0.17900
996 0.14849
997 0.12424
998 0.14637
999 0.16762
1000 0.11746
