1 0.2682374244184551
2 0.28786610172571137
3 0.30446292869317637
4 0.32251147545072706
5 0.34422900690058367
6 0.36414612756504094
7 0.3786598972848229
8 0.3945146476160896
9 0.41296650882837893
10 0.43305320772068956
11 0.4463818788429468
12 0.46014478796063535
13 0.4754686808525556
14 0.49472319923921887
15 0.5081910141192187
16 0.5197743348317313
17 0.5326638940210209
18 0.54966051050735
19 0.5643249037933077
20 0.5739750378370332
21 0.5851324028086106
22 0.5988645430918303
23 0.6146940520753704
24 0.6234523003872366
25 0.6331060090281266
26 0.6436271019093662
27 0.6592180645673451
28 0.6687392497588304
29 0.6767377137076094
30 0.685054063285846
31 0.6983207127690509
32 0.7098790333616943
33 0.716395456891946
34 0.7236392499483684
35 0.733170291855872
36 0.7464665313274543
37 0.7526465314071368
38 0.7592605503678712
39 0.7653348091583149
40 0.7782090888951473
41 0.785860431785506
42 0.791642293504347
43 0.7959793807261797
44 0.8056571819669399
45 0.8158188913648716
46 0.820858154580355
47 0.8252281460898916
48 0.8303931809741949
49 0.841906180015674
50 0.8473309484193243
51 0.852309221454286
52 0.8542520062379041
53 0.8639812312933288
54 0.8712968197463072
55 0.8764232920570565
56 0.8780444264723651
57 0.8831809365504506
58 0.8924237687570373
59 0.897502284020186
60 0.9009487320241522
61 0.9016021839131101
62 0.9103073001172209
63 0.916074961303188
64 0.9213111844224238
65 0.9207352635062871
66 0.9255473891932309
67 0.9325002891488097
68 0.9381941553012583
69 0.9400182199413085
70 0.9400331890792748
71 0.9467188037520402
72 0.9521048181598398
73 0.9572052274688451
74 0.9555135397296896
75 0.9590542712049586
76 0.9642145499091299
77 0.9705147729627229
78 0.9715954222356653
79 0.9709015155051919
80 0.9752280197704453
81 0.9803819113720962
82 0.9856537424157183
83 0.9837193369018669
84 0.9854321757566709
85 0.9888593239014143
86 0.9954276051354733
87 0.9969355419412738
88 0.9955107711146913
89 0.9974993768346261
90 1.00165426401011
91 1.0076864702895536
92 1.006174012111417
93 1.0063898931609683
94 1.007433143266483
95 1.0138152009833743
96 1.0164638114511821
97 1.0151072582964062
98 1.0148670253867507
99 1.0169633097659971
100 1.023653775980339
101 1.0233757534889651
102 1.023160502647136
103 1.0212689433957185
104 1.0264513886014004
105 1.0301794637383643
106 1.0302955702667693
107 1.0285408006801724
108 1.027769979279509
109 1.0337767997488072
110 1.0353237092138274
111 1.0361514222306174
112 1.03203247583343
113 1.034405385739992
114 1.0382086543979305
115 1.0406056135887514
116 1.0393158553879125
117 1.0357555681699517
118 1.0390985004821498
119 1.0416481815299365
120 1.0447538016058247
121 1.0408043489064767
122 1.0394834882193738
123 1.0415033315047517
124 1.0450382493442492
125 1.046686954680329
126 1.0421140153293964
127 1.0418674694050551
128 1.0427798911095665
129 1.0476974966459198
130 1.046845048965975
131 1.043469655743479
132 1.042355680220997
133 1.043812672774376
134 1.0487397819739501
135 1.0462480477796983
136 1.0442376935329625
137 1.0412862744848836
138 1.0447597042991759
139 1.047684448331856
140 1.0459209496645554
141 1.043270860428047
142 1.0399524844466237
143 1.0445015292780213
144 1.045482345460416
145 1.045467748409969
146 1.0405831273388761
147 1.0389060799998504
148 1.0421353418000927
149 1.0434281666459113
150 1.043581619519617
151 1.0375171970445356
152 1.0371168583205477
153 1.0384117229945062
154 1.0412773100486112
155 1.0401661557703354
156 1.0346157679805572
157 1.0338990848763223
158 1.0341894974774253
159 1.038297756135853
160 1.0358153222871815
161 1.0316426490151698
162 1.0292947319375256
163 1.0297881444608483
164 1.0340400558874232
165 1.0310594822761494
166 1.0282130634070465
167 1.0236129355998684
168 1.0252859969474704
169 1.0281647491895924
170 1.026502677017128
171 1.0235846468597267
172 1.0177844209010858
173 1.0199653485322868
174 1.021232222016124
175 1.0218462887762823
176 1.0177298986164136
177 1.0122815202393967
178 1.0132701618867228
179 1.0140098130930773
180 1.016251739970497
181 1.0113466606307449
182 1.0067019921884945
183 1.0055619582884858
184 1.006486016484347
185 1.009487053192983
186 1.004672869229619
187 1.0008530752693536
188 0.997172998931797
189 0.998651793359582
190 1.0013709768138397
191 0.9978734535706096
192 0.994458224335702
193 0.9885882231553544
194 0.9903776614103903
195 0.9919170876509212
196 0.9909461267486463
197 0.9871673526960316
198 0.9804726129881227
199 0.9812468757173342
200 0.9817210427851396
201 0.983203032626605
202 0.9792393184261214
203 0.9727711814158422
204 0.9715004282399663
205 0.9710374078177374
206 0.974228772528519
207 0.9707324526771561
208 0.965271498618558
209 0.9615809118379558
210 0.9600288746566729
211 0.9639358361854548
212 0.961375156927652
213 0.9578229959516541
214 0.9516746963870738
215 0.9492190562303982
216 0.9521525925669516
217 0.9511863571235334
218 0.9497174587220883
219 0.9422215410024418
220 0.9387719207395991
221 0.9393764060272629
222 0.9399312589713654
223 0.9403723174848373
224 0.9332207908666943
225 0.928815406871955
226 0.9264476752138076
227 0.9274472152871119
228 0.9294880858962569
229 0.9239928304354764
230 0.9195756873108256
231 0.9139504740496519
232 0.9143294415395955
233 0.9166600186652799
234 0.9139415880186145
235 0.9105130190072618
236 0.9025997238870087
237 0.9012596277420449
238 0.902229017800685
239 0.9023199789437497
240 0.9007388539091997
241 0.8925367030054987
242 0.888970374309022
243 0.8872768416413049
244 0.8886501119233621
245 0.8894203948484544
246 0.882817705126927
247 0.8781523984805079
248 0.872903126864452
249 0.8736713732941122
250 0.8756938554958191
251 0.8722197628357753
252 0.8683026231815976
253 0.8602482093950667
254 0.8587315922300305
255 0.8597953443170806
256 0.8594680766371656
257 0.8579391218103345
258 0.8495172843297534
259 0.8452212902333494
260 0.8433463581668101
261 0.8440041100929445
262 0.8455091294601558
263 0.8391774818012476
264 0.8339709242169786
265 0.8282110187017957
266 0.8272014829221466
267 0.8299895402502921
268 0.8271142762310546
269 0.8238231794946995
270 0.8156709292498072
271 0.8114454019188739
272 0.8123323744150662
273 0.8118649409500043
274 0.8121429663342075
275 0.8050643980543015
276 0.7984119127385245
277 0.7954263792239652
278 0.7939032833947048
279 0.7969974250307831
280 0.79340293473574
281 0.7877474860903744
282 0.7815821549270126
283 0.7762969455772784
284 0.7787090819053362
285 0.7780309666689467
286 0.7763429642335785
287 0.7705221259916353
288 0.7620854619147661
289 0.7604697523671986
290 0.7592600954236766
291 0.7608237186649358
292 0.7589695386374109
293 0.7509629065982174
294 0.7459538789358655
295 0.7405912903892583
296 0.7414981932212915
297 0.7430756410992267
298 0.7391430651744144
299 0.734881651223495
300 0.726015674231518
301 0.7225541890020069
302 0.7231586300210568
303 0.7225898965496124
304 0.7226375671095762
305 0.7151328580007505
306 0.7080827567890791
307 0.7043014107295411
308 0.7019596593628351
309 0.7051185552884103
310 0.7024334580807243
311 0.697063498773308
312 0.6906110106312774
313 0.6832052743164425
314 0.6839146156434576
315 0.6838649277576706
316 0.6832052526276937
317 0.6797613143332377
318 0.6702816073114268
319 0.665659108416366
320 0.6626215148889479
321 0.6628888105523721
322 0.6648006350371907
323 0.6590753066204227
324 0.6534698785384633
325 0.6459026073131459
326 0.6412917591682945
327 0.643374718296411
328 0.6422481980085928
329 0.6411734804380347
330 0.6349536481453761
331 0.6258411284011126
332 0.6226331747807821
333 0.6199490472843693
334 0.6216072523545968
335 0.6216446265065398
336 0.6148302378337626
337 0.6091696932200491
338 0.6011173461911283
339 0.598374479115293
340 0.6003113791948174
341 0.5987694808351232
342 0.5974722788869171
343 0.5898808280083186
344 0.5813751173959246
345 0.5783145073318956
346 0.5755833700702367
347 0.5778431409632985
348 0.5770146247823846
349 0.5703230569951616
350 0.5645615015807761
351 0.5559670186271571
352 0.5535275068742551
353 0.5549571572117129
354 0.5536402121378982
355 0.5528002435241235
356 0.5451202495355869
357 0.5365904979006137
358 0.5327465602681114
359 0.5292637572329202
360 0.5316371564181648
361 0.5313225971668627
362 0.5255708664473004
363 0.5200396676959187
364 0.5106387433257062
365 0.5068403588944359
366 0.5074952300627354
367 0.5065408613288419
368 0.507031955622557
369 0.5007501127592964
370 0.49187980221292626
371 0.48669748120553197
372 0.48136431853283423
373 0.4828022631541329
374 0.4839406748634148
375 0.47998847209503753
376 0.4757781200924365
377 0.46609425888725553
378 0.4594443142398692
379 0.458368872340786
380 0.45691772654213103
381 0.4589076256146995
382 0.4559804726970087
383 0.4477365193896975
384 0.441565672927794
385 0.4335623474322695
386 0.43173233935409483
387 0.4336931237945389
388 0.4319509644617351
389 0.43057234898943697
390 0.42309369562321536
391 0.4135717838233687
392 0.40942261300576377
393 0.40547225980962975
394 0.40674605806061515
395 0.4082111545653756
396 0.40299256872754835
397 0.39791823590017217
398 0.38881190199619065
399 0.38136465806694103
400 0.3809733121093213
401 0.3798085099335254
402 0.38086253311912444
403 0.37927269139670805
404 0.37046369264621243
405 0.36378025235647565
406 0.3563322828087307
407 0.352138175083431
408 0.3546352115803196
409 0.35362125880326656
410 0.35206477477380216
411 0.3472266894685587
412 0.33662095367903344
413 0.3306663492164553
414 0.32646846909168187
415 0.3247550356501175
416 0.32803827942505465
417 0.32539874753713627
418 0.3204496509725679
419 0.3138350624295971
420 0.3033647791822333
421 0.2994034681823109
422 0.29833555058354216
423 0.29759133554216266
424 0.2997962753665208
425 0.29516526227722883
426 0.28726190681464986
427 0.28051826407709346
428 0.2715277519255498
429 0.26945534733449045
430 0.27070856794135095
431 0.2695872185615291
432 0.26975705618184687
433 0.26364778594909166
434 0.25380212627578447
435 0.24779082030831304
436 0.24104917330328146
437 0.23992263835050576
438 0.24266318572102785
439 0.2405462320233392
440 0.23837746093004128
441 0.23163713997526572
442 0.22083988309511934
443 0.21557663988573197
444 0.21134940261626745
445 0.2102677436118615
446 0.2136251715700409
447 0.21086038540544605
448 0.2062352258799747
449 0.1996250685963697
450 0.18866038602968804
451 0.18359440510871833
452 0.18171945876872414
453 0.18038583535375674
454 0.18337796466033365
455 0.18093114515139397
456 0.17399543382586413
457 0.16764883673766268
458 0.1573428625449202
459 0.15160528353855002
460 0.15155220274441936
461 0.15033973061854403
462 0.15208519633180884
463 0.1507712398473306
464 0.1423960106091564
465 0.13553820655927934
466 0.12675506035118195
467 0.119688488313965
468 0.12035026052783107
469 0.12011821691861212
470 0.12019574804428013
471 0.12005144110434443
472 0.11192760657558315
473 0.10346187562844159
474 0.09637865654209299
475 0.08831759671039127
476 0.08787008797886717
477 0.08938363205715247
478 0.08828075366052583
479 0.0884298900552478
480 0.08242088271069473
481 0.07218995309065607
482 0.06556893539676567
483 0.057869106443889276
484 0.05459384320058225
485 0.05734854758661176
486 0.05670036020620317
487 0.05595784089792179
488 0.052923469299789694
489 0.04260756675213366
490 0.034369726281331156
491 0.027968218806016326
492 0.021850042300096555
493 0.02339704283890752
494 0.02496385254905219
495 0.023270770354519105
496 0.022182479905536505
497 0.014634690250116072
498 0.004032732155870694
499 -0.0022364086284441774
500 -0.009190155668608785
501 -0.011631998965085315
502 -0.0084136452493471
503 -0.009094383768180354
504 -0.01026578850910187
505 -0.013489050357883073
506 -0.023959153634033385
507 -0.03259133589053891
508 -0.03882009375565716
509 -0.045247247577810366
510 -0.044235693213834276
511 -0.042070374707183285
512 -0.04356319811921518
513 -0.04415206341786182
514 -0.0502703972264316
515 -0.06118139140140472
516 -0.0681739950086736
517 -0.07557081769969426
518 -0.08021858662349776
519 -0.07760917671530095
520 -0.07712996172372844
521 -0.07785653940658349
522 -0.07860709940965871
523 -0.086924554452175
524 -0.09669382235156233
525 -0.10353532059943495
526 -0.11207492515766587
527 -0.11480525385853924
528 -0.11242338463624907
529 -0.11288228018050259
530 -0.11211856845262166
531 -0.11348160684931397
532 -0.12257902703394538
533 -0.1308252779601654
534 -0.13875095212159924
535 -0.14795447561536754
536 -0.14969787273181606
537 -0.1485793513841932
538 -0.14910654450421468
539 -0.146769200286826
540 -0.14855653158472695
541 -0.15696076263856767
542 -0.16391264989455048
543 -0.17331275417891723
544 -0.18297257920396542
545 -0.18503579353561656
546 -0.1857142535047306
547 -0.18599700255297402
548 -0.1823269861292373
549 -0.18389935759186488
550 -0.19038083185304094
551 -0.1961195462823521
552 -0.20654732753215987
553 -0.21677234228382064
554 -0.22026410985268216
555 -0.22329930063495232
556 -0.22375495726536443
557 -0.21935733039660948
558 -0.22003706153413077
559 -0.22375975624422773
560 -0.22772877862631496
561 -0.23807896886775592
562 -0.24874509659381494
563 -0.25424804815441704
564 -0.260305086205159
565 -0.26208696175226215
566 -0.25813392925535145
567 -0.25783755295516425
568 -0.2585959777612185
569 -0.2597268281935229
570 -0.2683744872697883
571 -0.2784885823635028
572 -0.28565124586313084
573 -0.29495472515781196
574 -0.2996391485746197
575 -0.29787825429410564
576 -0.29778414098634365
577 -0.2964836587541881
578 -0.29412504511058707
579 -0.29930625357863316
580 -0.3069376530670307
581 -0.3139444501825261
582 -0.3253461180639349
583 -0.33385291902929354
584 -0.3360034139782174
585 -0.33852213900488776
586 -0.3376984257540463
587 -0.3330136773248118
588 -0.33400302007228017
589 -0.3373559939188582
590 -0.34112770832533357
591 -0.35148764480673256
592 -0.36244673407020006
593 -0.3686610041888716
594 -0.3758155816157933
595 -0.37913478080844687
596 -0.37575994485945474
597 -0.3745536207460546
598 -0.3741685163892573
599 -0.37251575904509454
600 -0.3777587286361897
601 -0.38702304511006197
602 -0.3942271217711336
603 -0.4047058819727379
604 -0.4141773314208196
605 -0.4163231906896876
606 -0.41759571604383094
607 -0.41791545837591537
608 -0.41306414756707605
609 -0.4118240678000056
610 -0.41545025489807524
611 -0.418432109548978
612 -0.4263206842493146
613 -0.43854341028968225
614 -0.4463502742633951
615 -0.4531446917383676
616 -0.4598004470537163
617 -0.4589010181776986
618 -0.4559823523571636
619 -0.45571590762079917
620 -0.4530345889378921
621 -0.45263674680168275
622 -0.4598263037687015
623 -0.4669527111374672
624 -0.4749344928909991
625 -0.4871291692874645
626 -0.4950976898080407
627 -0.49789484593692446
628 -0.5014629217103873
629 -0.5004437992447361
630 -0.4951726069735611
631 -0.4945218142949892
632 -0.4952564934272464
633 -0.4958691763570133
634 -0.5035479129267776
635 -0.5142484614806206
636 -0.5218684001226269
637 -0.531861202569588
638 -0.5407035757819378
639 -0.5420199997384232
640 -0.5420551728199834
641 -0.5421864021304229
642 -0.5372001327271776
643 -0.5342991996942457
644 -0.537239693332838
645 -0.5397165292201684
646 -0.5453351092280719
647 -0.5572584001761323
648 -0.5669693530996687
649 -0.5741250022158766
650 -0.5831774329042152
651 -0.5867891784064238
652 -0.5845049997944191
653 -0.5838034451474192
654 -0.581627486997855
655 -0.5764839552441865
656 -0.5772914468187882
657 -0.5820923523641075
658 -0.5861023678116144
659 -0.5951858465487738
660 -0.6077919503149312
661 -0.6157139175512806
662 -0.6226684599765377
663 -0.6300327754314751
664 -0.6301952746998213
665 -0.6269888066587408
666 -0.6261233922691333
667 -0.622615268825733
668 -0.6183230261042039
669 -0.6211670135048456
670 -0.6261390192629704
671 -0.6309250354407703
672 -0.6415545886325273
673 -0.6537628796092954
674 -0.6609078918711475
675 -0.6683330479031065
676 -0.6750037569607913
677 -0.6740976503432607
678 -0.6711463778695579
679 -0.6701897077859388
680 -0.6657420699088276
681 -0.6613909783873606
682 -0.6640709877936242
683 -0.6679739072675178
684 -0.6722633841166182
685 -0.6828950760287998
686 -0.6948880059901225
687 -0.7023709578448716
688 -0.7110146788597562
689 -0.7188245580442965
690 -0.7191085538624757
691 -0.717205318496679
692 -0.7167089649625489
693 -0.7118018625556726
694 -0.7061380889479364
695 -0.7067468075404199
696 -0.7083940533882271
697 -0.7102599456934162
698 -0.7189077751001329
699 -0.7303686970435356
700 -0.738391855400104
701 -0.7483778418425471
702 -0.7590665857321383
703 -0.7629416088155115
704 -0.7635557353931768
705 -0.7652608939332706
706 -0.7618223397224242
707 -0.7550150517287284
708 -0.7526774830838969
709 -0.7513679991900146
710 -0.7487637707245417
711 -0.7522748796650554
712 -0.7609703754662038
713 -0.7678052843126653
714 -0.777065853823899
715 -0.7902515787815021
716 -0.7992967291987254
717 -0.8041765784852792
718 -0.8105527749629388
719 -0.8127333242758356
720 -0.8083488850729185
721 -0.8050164541774047
722 -0.8025917707641422
723 -0.7961397648657484
724 -0.7920886604373647
725 -0.7944015960180519
726 -0.7965735797265812
727 -0.799980011947747
728 -0.8102374685995739
729 -0.8217360735057587
730 -0.8297699933731856
731 -0.8402567325954295
732 -0.8510308896721201
733 -0.8550627944273387
734 -0.8561423114132047
735 -0.8583847059040806
736 -0.8553295365091075
737 -0.848055752778515
738 -0.8442461987230787
739 -0.8413438257935512
740 -0.8358787583306644
741 -0.8350531948177266
742 -0.8403617121312165
743 -0.8447779464646108
744 -0.8509607477283565
745 -0.8632299924642182
746 -0.8750038149567911
747 -0.882708460728682
748 -0.8925204539030308
749 -0.9016405323765178
750 -0.9036844566318751
751 -0.903092129970485
752 -0.9038296803348266
753 -0.8995849161899244
754 -0.8914303447896983
755 -0.8870460166797556
756 -0.884011857584204
757 -0.8784557772069516
758 -0.8770566774679952
759 -0.8821497143034115
760 -0.8866256551276182
761 -0.8921230499621735
762 -0.9037710483235079
763 -0.916196543622862
764 -0.9243774120581816
765 -0.9341956970964247
766 -0.9448975493036917
767 -0.949277860165914
768 -0.9496041523655117
769 -0.9514621673525593
770 -0.9495557675103866
771 -0.9417808510720344
772 -0.935754214694386
773 -0.9319814131330051
774 -0.9249433617727235
775 -0.9188504810115173
776 -0.9195943534622367
777 -0.9215629032938322
778 -0.922849341553858
779 -0.9297910814874817
780 -0.9414796698804615
781 -0.950387597207201
782 -0.9596249542422678
783 -0.9728461466561
784 -0.9835974145922742
785 -0.9885858311772612
786 -0.9941869767171599
787 -0.999379550798546
788 -0.997591279740598
789 -0.9925219064973929
790 -0.9896302800960266
791 -0.9842386812776056
792 -0.9741550921558495
793 -0.9672276417899583
794 -0.9639920784303206
795 -0.958825545383658
796 -0.9546420666342452
797 -0.9577279578226918
798 -0.9628999264070963
799 -0.9666656651565118
800 -0.9747540422389942
801 -0.987913620286348
802 -0.9984673112900834
803 -1.0071863792563138
804 -1.0194957655000643
805 -1.0307150521160189
806 -1.0355923207925557
807 -1.0391228638209147
808 -1.0439903091746734
809 -1.0432313299778304
810 -1.0371434681827831
811 -1.0324629091476272
812 -1.0279478626005727
813 -1.017972562977404
814 -1.0078989502900146
815 -1.0025832206744947
816 -0.9971773289117037
817 -0.9896559598678347
818 -0.9872503670890649
819 -0.9903342969731075
820 -0.9923111846849969
821 -0.9952432769929773
822 -1.0046834637925222
823 -1.0163885290242547
824 -1.0248338393186622
825 -1.0352552175132665
826 -1.0494922461475915
827 -1.0608146138513945
828 -1.0673157064985919
829 -1.0755796892167682
830 -1.0836277756226231
831 -1.0851793754597399
832 -1.082960525839183
833 -1.0826612135254083
834 -1.0796423015483558
835 -1.0702913219394867
836 -1.0609769514036937
837 -1.054483578834883
838 -1.0450650028525534
839 -1.0325868442364652
840 -1.0246402656919016
841 -1.0200445052397424
842 -1.0133797915295897
843 -1.007605040118997
844 -1.0088698873400084
845 -1.0123504461057873
846 -1.0141112329074704
847 -1.0192210714384276
848 -1.03055744362442
849 -1.0411952792722912
850 -1.0495230037026322
851 -1.0615925624013267
852 -1.0764925594630068
853 -1.0872670345173496
854 -1.0950614542879218
855 -1.1057957312165505
856 -1.115409765315929
857 -1.118684546466952
858 -1.1194410835008521
859 -1.1223799982421474
860 -1.1215695198625895
861 -1.114455412465794
862 -1.1069150307292293
863 -1.1014619436117399
864 -1.09165347150913
865 -1.0776418582768459
866 -1.0663225747879317
867 -1.057395550619805
868 -1.0449749395388077
869 -1.0314111262674215
870 -1.0233919020896607
871 -1.017746426019012
872 -1.0097779370950217
873 -1.0034086893095115
874 -1.0039751452914651
875 -1.0060092113450922
876 -1.006250727644046
877 -1.009718849950826
878 -1.0195739732083062
879 -1.0290692085677204
880 -1.0364050623110743
881 -1.0473878472145506
882 -1.0626494236245032
883 -1.075267213166514
884 -1.0848817635283494
885 -1.097786662813149
886 -1.1122402682464174
887 -1.1219732361744628
888 -1.1281124947357313
889 -1.1369975950001658
890 -1.1450749909696005
891 -1.147097543435715
892 -1.1457850922697004
893 -1.1469317278931224
894 -1.1459191383696563
895 -1.1384886786765671
896 -1.1290030706497678
897 -1.122125911347132
898 -1.1128321636235134
899 -1.0976508694360336
900 -1.082428085974282
901 -1.0703437205426969
902 -1.0563132318676893
903 -1.0375433704315546
904 -1.0209124236508094
905 -1.0081420906764655
906 -0.9940573824683621
907 -0.9766485000669038
908 -0.9631521512557796
909 -0.954199788414874
910 -0.9442417417118556
911 -0.9322984799306779
912 -0.9252860112420902
913 -0.9232421516951217
914 -0.9199621805860585
915 -0.915669218111932
916 -0.9165428962646565
917 -0.9223776867170836
918 -0.9262880685278803
919 -0.9295893800917272
920 -0.9377461891571501
921 -0.950339378730975
922 -0.9601286731231435
923 -0.9690756076227963
924 -0.9823535242542756
925 -0.9990763740979344
926 -1.0122004646184715
927 -1.0237115115522661
928 -1.0390704640042245
929 -1.0566252122674813
930 -1.0700125292990526
931 -1.080739488919804
932 -1.0949482592679902
933 -1.1101757004358321
934 -1.1208612639115467
935 -1.127906953926824
936 -1.1381008324041444
937 -1.148551046554037
938 -1.154149261602371
939 -1.155490672016891
940 -1.1595497972452213
941 -1.1637325769761604
942 -1.1627262680972916
943 -1.157321557873652
944 -1.1540670098373351
945 -1.1514159129767112
946 -1.1432670998933896
947 -1.130926757828022
948 -1.120144813263876
949 -1.1108081577417495
950 -1.0959009238651611
951 -1.0770549868726558
952 -1.0593631014318015
953 -1.043956650996663
954 -1.023389595247842
955 -0.9988735632818616
956 -0.9754567746928561
957 -0.9548766597053131
958 -0.9301466748631019
959 -0.9010702873910866
960 -0.8733484816362523
961 -0.8486714512364478
962 -0.8213256918287253
963 -0.7890125044286241
964 -0.7583309455196844
965 -0.7307599193343557
966 -0.7021152231155984
967 -0.6680467037320623
968 -0.6354873720729152
969 -0.6062705676140081
970 -0.5772840361412628
971 -0.5429795591908226
972 -0.509350361995907
973 -0.4796298660914239
974 -0.4509431432046082
975 -0.41775979244551903
976 -0.3837388880811468
977 -0.35435528043653597
978 -0.3264498551326297
979 -0.29536337898285986
980 -0.26169229420410045
981 -0.23304194037953707
982 -0.2063793868880358
983 -0.17785847639999045
984 -0.14544102345694163
985 -0.11749878437826443
986 -0.09252528692347681
987 -0.06659030162693606
988 -0.03640081081365125
989 -0.00895320800348931
990 0.014062134994994847
991 0.03760419378436789
992 0.06477870527784957
993 0.09177486147800909
994 0.11296235977078277
995 0.1342421231595606
996 0.1580700115514309
997 0.18420467518077682
998 0.20417653837259295
999 0.22314554627241098
1000 0.24382647296189383
