[60,61,65,66,71,67,70,72,61,65,66,59,64,70,72,69,53,66,71,64]

PcsAnalysis
  2
    0 5 
    1 5 
    0 1 
PcsAnalysis
  2
    1 6 
    0 5 
    1 5 
    5 6 
    0 1 
PcsAnalysis
  2
    6 11 
    1 6 
    0 5 
    1 5 
    0 11 
    5 6 
    0 1 
PcsAnalysis
  2
    6 11 
    0 7 
    1 6 
    0 5 
    7 11 
    1 5 
    0 11 
    6 7 
    5 6 
    0 1 
PcsAnalysis
  3
    1 6 10 
    1 5 10 
    7 10 11 
    6 7 10 
  2
    6 11 
    0 7 
    0 5 
    0 11 
    5 6 
    0 1 
PcsAnalysis
  3
    1 6 10 
    1 5 10 
    7 10 11 
    6 7 10 
  2
    6 11 
    0 7 
    0 5 
    0 11 
    5 6 
    0 1 
PcsAnalysis
  3
    1 6 10 
    1 5 10 
    7 10 11 
    6 7 10 
  2
    6 11 
    0 7 
    0 5 
    0 11 
    5 6 
    0 1 
PcsAnalysis
  3
    1 6 10 
    1 5 10 
    7 10 11 
    6 7 10 
  2
    6 11 
    0 7 
    0 5 
    0 11 
    5 6 
    0 1 
PcsAnalysis
  3
    1 6 10 
    1 5 10 
    7 10 11 
    6 7 10 
  2
    6 11 
    0 7 
    0 5 
    0 11 
    5 6 
    0 1 
PcsAnalysis
  3
    1 6 10 
    1 5 10 
    7 10 11 
    6 7 10 
  2
    6 11 
    0 7 
    0 5 
    0 11 
    5 6 
    0 1 
PcsAnalysis
  3
    1 6 10 
    1 5 10 
    1 4 5 
    0 1 4 
  2
    6 11 
    4 11 
    0 5 
    10 11 
    0 11 
    5 6 
PcsAnalysis
  3
    1 6 10 
    1 5 10 
    1 4 5 
    0 1 4 
  2
    6 11 
    4 11 
    0 5 
    10 11 
    0 11 
    5 6 
PcsAnalysis
  3
    1 6 10 
    1 5 10 
    1 4 5 
    0 1 4 
  2
    6 11 
    4 11 
    0 5 
    10 11 
    0 11 
    5 6 
PcsAnalysis
  3
    0 5 9 
    0 4 9 
    6 9 10 
    5 6 9 
  2
    6 11 
    4 11 
    5 10 
    10 11 
    0 11 
    4 5 
PcsAnalysis
  3
    0 5 9 
    0 4 9 
    6 9 10 
    5 6 9 
  2
    6 11 
    4 11 
    5 10 
    10 11 
    0 11 
    4 5 
PcsAnalysis
  3
    0 5 9 
    0 4 9 
    6 9 10 
    5 6 9 
  2
    6 11 
    4 11 
    5 10 
    10 11 
    0 11 
    4 5 
PcsAnalysis
  3
    0 5 9 
    0 4 9 
    6 9 10 
    5 6 9 
  2
    6 11 
    4 11 
    5 10 
    10 11 
    0 11 
    4 5 
PcsAnalysis
  3
    0 5 9 
    0 4 9 
    6 9 10 
    5 6 9 
  2
    6 11 
    4 11 
    5 10 
    10 11 
    0 11 
    4 5 
